"1","
"
"1","rd_xcl> read_excel(datasets, range = cell_cols(""B:D""))"
"1","
"
